200 500
212565466 90
9337 93
213344916 92
915648931 90
47866279 90
56918 93
61212670 92
77531076 89
16257116 89
17943 89
195076692 91
318673750 90
354716520 91
28105 91
277330463 90
59163607 89
218573309 91
344598900 88
196402822 91
17846 90
28754593 89
318423476 91
125508296 90
365775268 92
266536589 89
38540 88
35997894 93
67142 88
395925076 93
85187879 93
373571808 90
154315336 89
73128647 92
67174 93
85550 89
209885390 93
315143303 90
96050344 89
157190141 89
267129797 91
221185791 90
91191895 88
93748291 92
213293683 91
218182096 88
96136 93
22869 90
292797188 91
16770 90
293293705 92
290925768 93
49445137 89
56514856 90
99100 92
184430069 93
297984938 88
243030138 91
256327144 88
59931 90
53430 93
225651509 92
87366 90
185202923 93
77874222 93
214456123 89
87318509 92
369396576 91
13815409 88
150389599 89
304093038 92
124471831 92
28364 92
243008810 90
81751631 88
42314765 89
53346760 90
242507703 89
910 89
189368660 91
60118633 90
286838326 92
68008 91
68611004 92
84395 89
226448332 91
222084213 92
9353 90
71355277 88
325297960 88
270025136 93
91705 88
208863745 89
146855442 92
279296863 89
138353985 93
321621452 89
22985341 92
208992860 92
317193445 88
61714416 92
213436471 93
240408320 91
318209561 92
85496 89
182190828 88
228574193 93
78548 91
239833856 93
287611626 92
395798457 92
92238504 91
319790661 91
208684749 90
130876494 90
96763334 93
170656123 90
287655455 90
46261 90
200681020 89
346417841 88
61771894 88
216619505 93
24207652 93
47169 89
119378840 93
159978801 92
25501298 91
272161746 89
349802939 92
42563 93
96622 89
170533908 90
121893754 89
376124109 88
92781781 92
184478548 93
145666245 89
377734603 91
7549 88
300944698 91
244977055 90
302201783 92
95205 92
21392 88
14420928 89
252816170 89
310479903 89
104758869 90
319066537 92
243739489 90
192261041 90
46866 88
37499790 90
245711122 90
257775907 93
219948024 93
176137695 93
221408048 91
105419250 88
81482475 92
156738453 90
131840232 90
81192690 89
84607 93
329472802 90
66156 88
18145153 88
367754546 89
8977536 90
55559 90
319448745 92
19915763 91
160233304 90
37462 92
48287656 93
346613755 91
38704 90
23629 90
271331787 88
311016782 93
168128459 90
15918 91
27561 92
284431056 91
2981166 91
7026002 91
58055939 91
12190300 92
201064574 90
56937 93
391969822 90
31643770 89
203497710 91
220194005 88
382920528 91
71987437 89
223863260 90
352405852 92
934357113 88
29692489 90
