6000 6000
57 9
13 22
41 26
6 8
35 6
56 15
62 4
53 12
39 3
43 34
16 5
1 13
42 7
43 40
11 14
56 28
1 35
55 6
22 2
65 103
65 19
65 30
25 3
59 11
27 19
46 6
28 28
39 24
34 19
36 43
10 19
35 37
24 19
46 5
15 1
25 15
9 42
63 10
42 33
60 4
44 26
16 25
11 17
27 20
45 27
52 19
5 4
19 5
44 9
5 2
37 60
22 3
63 37
25 10
15 8
18 4
54 17
24 21
37 36
56 80
5 14
52 41
27 2
42 39
45 38
54 14
39 21
34 3
56 50
33 15
23 16
25 21
20 15
60 2
59 34
43 27
49 13
41 20
38 33
26 6
16 4
1 41
54 1
61 40
9 1
60 6
52 8
41 9
46 28
47 6
29 23
60 31
3 3
31 7
20 9
26 52
18 30
46 8
44 19
49 29
62 93
35 18
57 21
20 44
44 54
61 26
38 11
22 21
17 20
28 10
12 3
30 17
55 19
3 8
13 18
2 3
24 8
44 13
60 17
21 36
48 8
8 58
37 8
18 43
40 7
59 1
33 17
57 33
15 33
50 64
61 25
13 18
43 5
20 6
37 6
61 43
50 2
7 6
2 22
39 1
62 4
33 17
64 5
60 16
53 28
11 12
65 2
21 19
17 24
47 17
55 32
30 27
27 1
44 3
60 43
14 8
48 25
10 26
47 23
51 1
5 51
44 50
3 26
6 19
63 2
4 23
35 8
30 35
25 33
1 37
55 10
55 11
56 8
2 31
1 15
22 21
1 12
9 17
4 62
55 5
36 1
10 9
1 1
54 5
13 48
52 6
64 104
11 23
30 24
49 26
43 3
54 93
8 4
25 10
46 32
42 12
27 2
4 3
26 8
23 27
38 4
52 4
49 54
45 6
39 13
43 1
5 4
37 6
8 46
33 8
29 10
51 11
22 51
23 14
14 23
16 15
19 48
45 3
31 14
15 27
38 16
50 1
41 18
40 79
35 15
26 22
26 14
51 11
11 9
17 11
14 4
33 3
10 63
47 30
58 2
20 3
56 7
5 44
40 33
19 55
20 43
14 27
49 7
12 13
50 21
13 15
40 5
26 14
39 2
43 11
45 34
44 14
9 79
12 31
26 57
26 4
55 16
7 29
16 90
20 27
64 44
42 32
46 8
33 10
8 3
2 13
26 11
2 21
42 33
41 22
5 12
54 8
47 18
40 11
3 73
39 17
43 1
49 44
14 20
3 27
27 7
19 26
4 38
58 24
27 27
27 3
2 49
58 6
14 49
22 16
9 9
29 16
49 55
29 5
48 21
48 23
23 14
52 6
50 17
14 4
29 94
21 4
61 56
60 11
57 36
21 2
5 3
61 10
27 19
46 28
32 25
4 2
51 25
24 1
48 124
64 8
3 3
35 18
26 24
10 24
56 3
45 9
47 41
49 18
50 14
23 11
63 3
12 6
35 54
54 15
39 41
54 18
40 21
30 4
35 47
3 11
43 2
56 1
49 10
32 9
55 23
41 3
35 45
45 18
32 2
2 43
21 29
65 40
14 19
41 11
23 1
9 3
24 14
16 20
20 11
4 8
19 23
9 2
64 26
37 23
59 38
36 5
54 11
7 1
34 29
4 3
34 19
17 59
1 12
31 47
31 1
48 78
14 47
42 7
46 30
39 33
52 18
23 5
15 7
4 3
35 14
53 14
10 4
25 44
60 45
58 7
39 8
44 44
16 40
24 1
30 21
50 8
3 27
3 3
6 5
53 26
36 20
26 13
7 9
19 36
65 12
3 9
14 7
33 2
6 44
32 83
28 17
51 10
9 107
36 11
16 21
34 17
7 14
42 16
39 45
34 40
17 12
7 22
39 31
49 6
2 21
5 24
26 52
28 23
25 8
30 3
60 11
33 30
30 25
55 25
27 28
4 38
23 12
1 5
1 31
17 22
44 12
1 16
62 8
51 16
52 5
29 31
12 22
16 1
23 34
39 7
30 7
41 18
62 21
55 3
22 50
33 1
2 4
32 20
33 5
12 19
47 10
47 9
56 35
28 3
54 29
39 2
1 10
63 18
23 8
38 59
46 25
12 5
26 8
48 13
49 29
47 14
55 13
39 37
52 28
14 16
15 2
17 10
50 4
35 9
42 11
18 51
65 11
45 28
12 21
45 1
4 17
35 9
10 19
59 12
1 1
55 34
12 8
31 9
19 61
38 30
35 35
1 10
55 4
43 12
8 4
42 6
51 28
5 22
59 16
26 21
42 38
41 13
11 12
61 2
51 12
46 13
3 18
3 14
60 56
37 1
10 6
58 42
13 9
59 6
51 7
22 31
35 8
19 2
46 12
63 18
35 6
9 11
29 70
52 2
55 1
65 4
64 20
44 1
2 7
8 29
16 97
35 36
13 16
61 6
47 9
12 29
39 1
53 7
27 18
30 88
49 19
63 32
16 2
42 14
54 6
48 30
59 9
1 11
50 45
45 32
1 15
9 5
9 21
43 22
15 25
13 41
21 2
35 15
8 8
45 20
33 1
17 68
52 4
52 25
5 18
61 8
54 10
3 2
43 9
43 80
15 9
24 4
38 1
49 2
43 8
42 15
13 3
26 6
39 33
6 3
5 38
50 25
32 16
30 3
57 11
58 24
8 5
46 2
51 1
22 9
37 23
41 20
57 5
20 6
19 30
5 3
33 30
16 30
8 28
52 27
17 20
50 10
61 7
42 6
46 10
15 31
8 4
38 3
31 34
58 12
23 33
20 1
47 37
5 4
27 25
9 2
40 83
33 33
34 6
5 6
24 6
56 2
61 17
5 4
60 8
11 18
54 27
25 48
3 3
22 10
40 8
2 11
13 23
51 4
12 29
65 19
1 7
25 12
37 5
35 20
35 112
21 44
5 1
17 27
60 5
44 31
8 39
58 3
28 8
1 10
32 18
41 8
61 5
10 58
45 14
41 1
63 10
41 12
30 7
36 8
27 55
43 18
3 34
6 50
64 30
65 11
61 28
12 4
4 9
59 6
39 80
27 37
45 33
65 7
51 35
58 60
3 20
31 1
25 71
40 22
13 1
23 92
7 19
56 44
58 34
12 3
54 22
34 2
36 10
25 13
31 9
46 2
52 46
4 18
22 19
4 1
1 54
60 12
54 23
53 19
17 24
57 14
11 4
29 17
40 18
25 39
33 12
36 6
26 83
18 5
14 11
53 7
35 35
23 4
37 8
23 45
61 19
43 15
23 28
24 1
38 30
48 15
17 6
16 25
30 21
11 6
27 26
13 20
29 17
16 29
64 14
8 3
50 4
51 3
64 17
20 9
3 67
38 9
58 3
58 74
25 32
46 11
65 55
15 3
64 24
36 11
37 19
61 16
18 33
10 66
10 66
4 20
65 2
24 6
31 54
14 18
22 3
25 24
28 13
5 4
2 36
31 26
57 54
46 3
58 1
44 49
44 28
11 7
22 8
19 1
29 2
12 33
41 14
19 6
21 13
8 54
62 39
49 50
58 47
61 37
55 21
35 13
36 11
40 14
49 10
58 9
23 7
36 7
26 6
44 16
19 3
46 17
65 10
61 3
27 39
20 1
43 29
42 8
14 34
3 11
54 47
57 33
27 15
7 7
59 22
44 33
9 30
48 23
48 15
3 28
32 41
53 33
60 18
47 43
35 52
47 26
22 3
1 18
61 40
52 31
28 51
37 15
39 63
57 22
31 16
18 25
53 5
36 4
26 23
22 56
17 29
41 15
17 22
61 7
29 5
63 5
11 66
21 74
60 9
17 1
55 7
36 2
23 22
42 11
63 15
1 2
45 38
19 25
40 3
33 1
63 16
48 7
37 16
47 13
50 26
40 33
29 23
32 8
33 2
29 26
14 28
45 1
45 23
34 15
61 11
42 21
11 40
63 1
53 4
12 30
58 22
31 33
33 11
57 34
20 43
53 7
1 21
52 1
30 8
16 6
2 9
48 7
56 20
40 9
21 3
46 13
47 8
13 15
35 21
37 9
15 19
55 20
32 10
61 2
33 25
65 37
34 3
11 21
38 1
12 43
53 4
54 4
9 67
36 94
11 10
7 3
52 24
40 14
29 3
41 1
50 13
56 124
24 5
49 50
23 12
15 4
30 40
2 12
5 39
48 9
17 25
54 3
43 12
12 57
9 11
57 7
30 25
63 6
23 2
18 4
5 14
56 4
21 16
2 9
26 25
4 6
14 10
31 24
51 24
27 9
9 12
22 11
64 7
29 7
40 42
26 3
6 9
26 2
18 6
24 12
26 4
9 7
26 2
36 17
55 35
44 10
33 7
45 23
5 29
30 2
7 7
17 5
56 1
51 3
40 1
25 15
27 4
18 4
23 17
25 18
18 32
46 6
39 40
5 29
61 5
63 11
4 38
55 32
37 24
52 41
59 49
2 10
33 1
5 10
40 10
3 4
27 26
31 75
1 2
5 5
59 9
35 29
58 9
2 22
34 25
20 6
33 21
11 18
37 1
48 7
22 19
46 25
35 11
58 2
58 36
3 5
20 8
46 17
54 50
14 7
10 4
50 6
29 6
2 9
28 5
48 68
64 18
22 9
30 19
31 54
7 17
15 13
15 80
9 8
20 23
41 5
43 22
10 13
23 64
14 6
40 34
10 4
53 3
21 2
47 6
51 16
59 10
3 16
26 42
55 21
59 2
55 22
16 1
55 10
35 37
3 32
34 46
13 11
34 79
37 5
10 4
8 30
10 32
39 2
8 36
21 2
54 9
44 7
7 1
2 23
65 13
63 13
1 19
52 7
42 36
16 33
13 9
34 25
43 4
33 9
31 26
4 8
31 21
28 23
32 18
23 1
3 3
37 2
4 2
21 23
45 7
46 12
44 3
18 34
27 2
55 2
17 25
64 35
63 30
11 55
12 48
23 2
46 10
41 8
32 5
28 1
5 3
13 25
45 95
54 20
53 2
63 35
62 41
55 13
19 11
55 27
3 25
15 40
15 23
61 13
15 16
59 10
23 2
56 49
55 15
25 1
18 28
39 30
52 3
16 26
16 37
8 18
1 7
33 25
47 113
56 9
42 26
37 21
22 4
2 6
61 30
65 27
27 4
57 11
13 34
14 13
60 1
57 49
26 79
17 4
33 14
28 1
49 5
11 12
33 6
2 12
62 21
37 20
8 22
2 32
64 2
8 4
40 10
58 48
59 6
23 2
16 11
27 72
30 32
6 4
53 3
28 21
23 2
59 5
27 26
37 4
13 13
1 4
15 7
19 4
23 12
35 14
42 5
58 2
32 27
64 37
20 10
64 10
4 1
44 17
31 13
40 16
22 22
16 7
33 13
47 8
52 2
38 30
24 14
58 1
53 4
59 67
4 12
49 2
54 10
43 2
65 2
64 12
62 1
30 4
35 33
29 7
56 8
17 14
14 27
6 62
58 64
36 67
43 7
2 1
14 27
5 8
62 1
32 17
16 40
19 43
36 27
2 6
16 10
61 48
38 5
35 16
54 22
51 19
64 6
5 29
47 28
29 3
51 21
61 10
49 30
48 24
57 2
46 7
43 2
16 24
45 2
25 31
6 15
4 50
64 8
60 29
11 1
5 4
55 2
11 6
29 18
53 9
48 3
5 37
10 9
58 3
16 2
39 34
20 29
56 21
59 15
43 7
50 8
49 14
54 19
40 22
10 10
23 2
36 24
10 38
33 2
33 1
52 13
4 76
13 74
65 68
26 32
22 3
50 7
29 1
2 108
49 3
56 32
44 1
48 23
58 1
2 19
29 3
2 12
61 9
38 178
31 16
58 31
52 10
38 7
60 15
45 114
50 3
8 18
37 24
12 61
5 18
25 33
21 1
17 12
21 8
17 7
49 1
5 22
44 30
5 50
37 7
10 43
50 9
35 24
16 47
42 19
39 28
18 6
59 11
29 25
60 11
51 3
48 1
43 39
24 41
45 11
24 1
2 5
41 4
47 16
60 6
14 9
62 47
21 8
39 26
59 11
22 37
14 20
16 9
12 26
4 30
37 47
44 1
38 15
21 30
6 1
5 19
7 5
24 14
7 39
1 6
57 4
51 35
51 47
51 18
7 18
49 31
24 12
6 3
10 1
32 53
17 4
35 1
16 24
47 3
59 3
57 1
57 6
30 14
7 26
38 34
7 3
26 10
63 24
14 14
33 12
4 5
1 12
51 6
27 19
51 20
31 18
59 2
64 9
38 137
22 49
29 77
23 12
37 10
45 10
24 29
41 15
25 56
4 37
37 53
34 11
11 25
3 8
28 16
32 25
60 43
58 12
13 23
15 60
58 40
18 18
6 19
24 15
52 61
4 40
14 7
41 8
18 29
18 17
17 6
8 39
60 36
8 3
38 31
30 1
65 5
34 10
36 34
23 5
22 8
60 26
34 2
34 31
41 13
1 48
9 2
51 1
54 31
15 3
59 10
41 18
24 28
26 4
13 28
14 5
15 2
19 22
20 24
54 27
47 1
35 13
27 73
41 5
53 1
20 17
61 23
7 14
1 39
10 28
55 10
13 23
10 1
26 13
49 4
6 11
22 13
45 14
9 22
62 8
30 3
55 15
6 5
51 5
28 4
58 11
19 4
22 2
3 30
53 43
64 11
10 20
56 10
18 6
42 4
65 1
44 30
35 10
37 34
7 8
31 31
51 5
22 1
43 15
23 17
12 27
47 11
4 19
65 1
23 31
8 8
56 90
21 24
52 39
62 35
41 1
61 5
34 13
44 5
28 24
14 20
11 22
10 60
57 42
35 11
3 3
18 5
21 55
33 45
17 28
4 18
4 33
62 14
30 10
64 4
29 14
17 8
59 31
45 11
2 51
9 21
18 18
27 61
10 2
62 15
65 20
56 19
62 13
60 8
17 4
39 6
33 6
48 7
41 4
39 24
32 12
60 12
63 4
29 8
19 27
11 31
49 14
63 22
10 23
33 4
7 16
9 13
34 33
5 9
19 1
46 4
55 4
32 9
1 67
43 67
25 5
49 12
62 2
39 40
21 4
41 10
18 32
62 43
27 4
45 6
52 5
33 25
2 30
25 4
24 22
4 7
11 10
2 32
2 26
1 38
15 28
54 5
36 1
29 19
65 5
46 11
51 46
1 5
57 21
10 10
8 8
8 14
32 26
3 41
23 13
7 76
62 51
6 8
42 10
43 15
43 33
7 3
51 31
17 6
40 38
40 16
32 16
13 38
32 4
21 15
49 2
46 9
19 1
24 32
21 19
48 23
14 1
19 2
58 24
64 12
57 12
7 35
43 14
65 40
35 46
34 9
4 3
63 21
10 4
26 26
35 30
20 1
22 2
25 30
34 23
24 27
26 24
57 22
5 23
13 9
36 71
11 23
34 5
65 38
51 40
29 7
46 50
41 13
14 10
8 2
50 21
60 2
30 38
46 7
32 21
22 13
3 12
59 17
35 40
29 54
60 5
12 20
5 5
51 62
54 8
59 6
59 10
16 1
37 17
37 41
56 22
25 2
26 38
8 24
60 50
52 6
23 34
45 7
39 57
8 18
11 4
51 25
52 26
38 27
14 9
5 32
1 7
62 6
54 17
62 13
52 20
47 2
41 1
19 8
47 29
38 28
25 5
8 5
5 36
65 35
64 6
63 5
59 71
50 57
8 36
58 7
47 11
48 4
62 15
28 7
54 17
39 2
52 27
24 6
4 40
53 48
33 10
6 6
40 21
59 27
59 6
25 36
27 1
53 25
40 15
25 1
9 12
29 2
10 45
7 4
5 33
38 3
44 22
25 31
38 21
30 2
53 76
64 17
65 15
44 1
50 46
11 2
37 5
52 21
27 3
4 22
60 41
49 37
55 9
42 22
15 74
30 20
36 15
34 34
42 17
28 9
19 21
47 74
27 13
49 32
53 9
56 129
33 18
24 10
57 32
33 26
43 10
8 3
50 15
44 21
63 7
48 39
47 5
6 26
14 12
29 68
16 13
6 22
61 22
62 36
15 4
51 2
21 2
24 2
22 6
63 14
38 12
20 50
31 7
29 1
59 3
50 8
64 26
35 95
40 1
24 44
9 3
28 6
33 26
14 1
30 2
46 108
30 12
36 9
21 5
65 14
5 22
38 3
3 20
7 16
16 4
7 12
42 6
16 3
8 2
14 10
2 3
41 6
62 47
41 12
42 2
53 44
49 20
40 62
62 8
50 8
23 8
34 21
30 1
54 12
61 4
27 2
39 20
55 3
10 34
47 18
6 17
45 10
23 30
52 18
56 2
61 30
61 17
13 14
15 27
55 35
3 9
46 5
20 1
29 14
6 2
9 10
58 16
33 9
18 3
63 11
28 73
34 10
22 10
40 1
2 45
21 3
48 8
50 36
45 22
19 36
55 20
55 16
32 20
44 35
43 14
48 15
59 8
47 39
64 52
2 6
38 2
1 12
54 11
40 3
15 4
49 35
20 40
44 25
35 13
25 11
35 22
31 5
22 48
7 28
7 12
55 32
15 22
21 11
62 19
34 23
58 35
63 1
44 11
16 2
43 3
10 5
59 31
16 16
31 26
52 89
2 26
27 6
42 13
44 6
58 8
11 86
32 51
31 101
54 13
14 18
42 8
43 6
26 1
47 39
41 3
56 8
49 6
37 18
30 8
24 6
59 60
50 5
39 3
32 7
43 39
6 20
29 7
42 7
29 18
9 19
9 1
56 34
22 63
27 20
53 56
19 11
9 50
60 3
42 19
47 21
41 20
40 9
23 11
13 13
43 24
4 12
25 31
49 45
9 6
41 2
58 42
8 13
61 6
60 9
19 18
56 5
62 18
33 2
51 16
26 41
17 37
19 3
55 11
6 18
5 11
20 24
56 1
21 46
4 4
54 58
30 42
38 2
45 18
47 8
45 1
30 12
3 10
56 21
65 4
41 51
50 3
32 12
64 60
28 68
55 35
7 37
3 189
10 29
27 7
34 3
49 3
38 35
65 5
21 40
28 6
27 50
22 8
61 8
47 17
53 32
48 9
65 1
18 97
29 27
16 17
62 48
31 2
52 8
14 26
20 1
46 8
32 5
64 6
22 3
18 10
43 5
33 44
56 8
34 39
25 4
24 24
1 16
11 17
7 34
4 78
26 15
20 6
4 37
6 5
63 21
31 28
43 18
17 4
8 11
41 1
1 15
31 12
27 27
55 4
12 14
54 3
44 37
51 10
46 2
36 19
50 28
17 2
38 10
31 5
41 9
28 33
8 7
19 2
21 5
53 11
30 8
6 4
6 7
47 13
12 1
33 9
52 1
35 8
26 13
42 27
44 5
5 9
58 1
13 21
13 23
61 4
33 72
19 12
4 27
21 21
30 5
27 19
55 7
32 1
62 16
56 21
48 7
47 3
28 13
5 26
49 21
58 53
49 8
33 5
5 56
29 27
4 17
57 8
64 22
16 8
30 2
4 2
10 143
24 19
53 27
5 23
26 3
2 17
26 15
55 17
3 11
51 4
9 102
31 7
2 5
8 27
42 9
18 3
14 17
32 8
1 23
21 3
33 6
43 53
6 74
2 47
16 6
64 18
27 14
65 20
9 24
54 2
41 45
45 26
23 12
13 8
47 18
25 6
23 29
11 2
11 3
6 9
50 11
39 55
40 4
13 14
49 81
41 28
28 6
35 6
54 35
36 31
16 22
57 4
45 50
63 10
32 8
63 14
35 4
11 2
3 18
6 39
49 37
50 1
32 1
14 11
43 10
51 37
15 15
10 8
40 5
13 12
35 19
25 7
17 2
26 8
65 16
4 16
61 8
1 2
4 17
24 4
1 11
12 17
2 12
53 40
26 10
54 29
15 11
6 36
8 49
36 51
40 7
26 10
44 2
28 11
65 2
27 4
32 10
35 35
25 1
33 5
31 15
52 4
16 1
7 28
20 17
23 5
50 21
38 2
3 8
52 8
16 41
8 5
54 40
5 9
55 24
41 5
14 26
4 6
57 29
45 28
21 7
42 44
21 20
35 11
24 57
36 8
9 19
17 34
32 11
11 10
12 26
36 57
11 36
7 6
21 57
24 61
43 4
16 9
19 14
7 21
29 7
52 28
17 36
7 50
12 54
6 25
7 2
58 16
46 3
50 44
62 23
10 52
34 35
51 49
22 36
49 2
29 3
11 2
19 13
6 9
3 97
22 2
2 40
44 6
57 17
28 19
41 20
64 5
33 8
45 10
18 17
53 36
26 18
39 47
59 5
16 23
28 2
47 43
3 10
27 19
55 31
58 34
58 2
49 43
12 41
27 20
24 34
45 31
37 11
41 1
2 6
18 2
52 20
10 31
56 33
6 19
2 11
42 49
15 9
60 12
62 17
29 23
47 22
32 20
32 27
62 48
9 7
3 11
64 11
63 12
9 28
24 108
22 44
56 15
22 5
53 11
42 44
59 19
37 20
51 10
56 13
50 17
29 17
4 16
33 30
39 32
20 3
9 24
62 9
41 19
6 3
44 21
8 4
60 30
32 14
52 18
21 7
56 12
2 52
35 12
28 72
62 13
18 2
20 35
45 37
34 14
4 34
30 12
29 6
38 24
24 6
24 1
62 6
49 44
49 9
7 28
30 16
13 33
50 5
38 7
33 17
17 20
28 63
5 5
18 17
5 1
62 27
33 7
63 5
7 35
6 49
60 29
23 118
23 5
33 5
34 17
5 27
42 18
29 12
51 4
19 1
60 11
62 11
27 30
6 19
50 7
5 28
56 7
26 22
14 29
63 12
34 20
52 74
46 3
4 4
51 27
4 15
64 16
46 25
9 19
30 3
47 9
55 5
39 6
44 39
8 21
36 34
63 25
35 19
16 67
62 1
45 1
57 4
55 3
44 49
21 10
8 70
1 22
57 11
35 52
50 25
11 9
25 7
20 33
43 27
13 8
48 28
55 10
44 1
7 3
3 32
61 22
26 22
21 21
21 4
6 35
39 56
26 17
1 24
30 31
51 67
65 8
9 32
46 1
40 7
51 16
47 23
39 6
35 9
37 13
14 7
55 4
3 51
58 38
17 11
59 41
28 40
5 11
24 31
34 1
23 3
45 13
35 38
22 16
46 65
17 23
56 4
31 69
31 19
41 36
14 10
52 18
37 18
23 8
3 16
25 2
23 1
6 79
11 23
52 25
23 5
44 18
62 18
29 11
39 4
46 61
15 8
4 8
30 25
61 24
44 24
3 86
3 10
34 52
3 28
54 28
16 5
18 16
46 50
8 24
15 40
57 17
42 2
1 68
64 8
23 12
4 117
42 14
58 12
14 10
62 34
17 3
44 10
15 30
59 22
29 11
65 4
41 3
13 11
47 36
33 3
21 9
47 35
42 19
37 124
9 12
60 20
35 17
19 13
40 16
23 34
15 55
30 14
58 18
33 7
43 9
30 10
35 31
58 6
22 1
33 5
22 56
24 16
64 27
12 18
61 5
10 15
47 19
3 13
5 4
33 8
1 47
20 26
33 3
25 25
45 25
27 33
47 4
59 1
46 6
49 24
13 11
49 12
57 4
56 2
38 1
36 15
29 44
42 12
49 23
49 14
6 4
55 13
49 14
5 5
48 18
42 40
29 50
41 5
64 38
26 13
54 10
62 24
50 3
24 78
65 5
23 23
21 21
62 7
30 5
53 5
12 15
64 9
18 57
6 41
53 15
12 18
59 30
40 2
10 8
64 34
22 12
47 38
36 9
55 46
61 22
45 44
28 57
65 5
24 73
17 13
24 7
61 27
37 6
10 15
63 20
45 21
60 7
16 1
33 12
22 3
18 8
57 4
32 153
21 39
51 8
53 2
51 20
42 24
42 50
23 12
38 10
14 9
11 8
60 19
39 7
25 65
12 18
7 13
14 13
24 24
7 60
18 4
41 5
14 29
25 28
40 19
12 6
7 9
20 58
47 12
47 1
41 1
43 7
30 2
54 27
59 26
11 14
17 17
18 4
26 5
40 12
31 2
33 2
59 34
62 46
45 6
7 5
47 24
63 89
65 7
61 5
33 3
22 6
52 74
64 70
4 4
14 7
25 1
38 25
23 17
24 10
7 2
45 80
28 9
3 6
26 3
54 39
33 21
26 4
44 6
24 36
52 12
35 33
21 10
29 6
13 24
9 43
30 1
18 1
9 5
12 1
41 9
39 17
8 1
57 3
38 18
1 3
36 1
62 31
57 52
41 7
57 38
42 4
43 34
22 11
65 1
26 3
39 8
63 5
54 9
34 8
33 3
20 1
62 6
49 6
17 43
13 33
62 19
33 1
22 14
7 9
47 11
3 19
23 28
40 19
31 9
38 40
20 25
51 8
6 2
9 31
38 51
9 10
39 27
17 27
40 12
6 7
20 19
58 20
2 5
49 5
4 15
34 37
50 19
61 7
55 6
9 23
63 8
40 6
37 62
37 5
39 17
29 35
25 9
53 21
23 4
31 18
3 30
64 17
51 15
4 3
54 34
24 2
39 23
22 1
22 40
16 29
21 16
51 13
57 39
57 8
65 17
19 14
63 38
34 16
45 37
9 12
10 2
63 29
38 35
55 14
27 2
1 21
37 15
24 27
32 31
25 4
35 29
41 38
35 8
20 46
59 26
40 12
63 2
39 17
33 5
58 14
65 5
4 10
20 42
48 45
40 27
54 12
37 12
64 3
16 7
43 18
54 4
39 3
23 47
44 16
59 28
44 6
14 4
3 15
9 35
61 39
43 1
34 1
13 13
16 2
31 24
14 62
62 11
53 15
64 42
49 4
14 38
7 42
37 7
3 55
45 49
61 26
17 4
5 11
45 42
21 15
35 18
39 1
43 1
65 69
25 14
29 4
31 7
7 23
23 29
33 25
26 5
19 9
38 9
39 21
37 46
21 7
25 20
33 10
24 1
4 38
36 46
43 36
43 20
50 37
11 37
1 32
9 1
23 69
21 9
22 16
39 37
26 3
34 69
47 25
21 9
58 30
51 10
14 44
9 8
12 27
55 6
28 17
24 3
17 2
5 115
59 24
58 7
22 9
23 3
12 12
53 13
46 8
13 8
10 46
64 2
20 8
11 34
8 31
22 6
63 16
13 79
61 5
53 23
58 30
26 14
31 79
31 12
8 5
52 34
49 14
34 8
19 1
53 2
60 2
23 8
40 22
40 40
21 13
28 8
65 2
56 26
32 29
44 17
19 10
38 58
51 6
55 8
64 36
17 6
16 5
12 13
14 5
20 37
57 31
57 16
9 22
7 1
33 3
14 1
42 53
24 12
15 4
53 11
61 9
55 20
34 1
42 36
13 80
15 64
34 2
63 12
51 45
18 19
31 82
14 15
30 12
54 78
42 9
46 21
65 7
39 24
2 76
42 56
31 15
31 80
16 22
19 21
56 61
24 9
62 7
21 1
53 41
1 4
54 25
42 14
18 15
31 45
63 43
56 41
50 7
4 13
9 25
61 5
11 12
40 20
14 18
50 6
5 27
18 9
19 18
26 30
65 1
9 8
32 59
42 37
26 5
50 10
47 2
53 10
49 5
8 31
42 2
15 71
63 19
64 8
35 2
62 29
63 7
1 6
54 10
12 2
17 5
47 79
38 10
49 22
60 5
65 50
42 11
20 74
13 19
48 36
65 2
58 30
43 48
21 10
3 76
58 4
44 17
15 9
33 7
38 65
55 17
5 10
29 30
47 8
43 20
62 3
38 19
23 21
35 3
41 24
25 19
42 14
38 25
63 66
38 20
35 16
31 3
9 65
27 36
42 11
14 6
8 33
41 15
9 71
62 12
33 19
61 6
24 59
39 10
4 64
27 56
52 50
49 2
17 23
1 10
39 14
40 19
44 3
60 23
41 4
43 2
28 10
27 17
53 15
4 12
51 9
34 1
4 39
37 59
1 67
37 35
26 27
3 29
43 11
8 72
1 9
34 8
51 35
51 3
54 21
65 1
9 8
44 20
59 19
3 9
8 2
3 1
44 18
20 2
11 9
15 17
43 25
58 36
16 8
19 11
41 2
21 23
21 11
34 43
41 16
34 47
23 19
38 12
16 14
17 17
19 2
64 4
36 32
33 31
19 2
53 101
42 4
59 28
44 38
4 42
10 17
21 18
52 31
33 33
22 1
10 19
23 5
7 41
61 17
26 4
40 17
17 21
9 1
55 31
17 50
50 26
49 2
37 15
61 3
21 3
5 28
33 13
5 3
51 19
3 86
26 2
27 67
41 11
8 20
19 19
41 42
57 21
11 1
23 39
4 44
8 14
53 5
46 19
2 43
26 4
23 8
4 9
42 16
53 1
43 23
63 18
13 4
44 41
11 21
55 28
29 4
42 16
16 44
32 2
58 3
58 11
50 32
21 5
9 28
22 17
2 31
29 93
11 16
59 4
59 12
48 3
59 13
39 8
9 41
30 27
1 35
35 34
7 9
45 17
42 5
56 18
57 22
34 16
3 4
7 7
14 39
47 31
39 28
24 1
1 9
34 15
6 37
17 16
6 2
10 9
8 20
63 9
23 7
56 4
19 6
29 13
20 18
28 15
20 16
15 1
22 12
65 10
9 27
1 33
65 24
44 8
62 44
52 4
64 23
45 65
28 100
22 18
42 7
47 28
53 13
16 1
26 6
15 32
5 22
1 12
29 11
30 50
15 12
37 24
60 10
38 5
13 2
43 38
58 6
63 8
57 82
65 12
62 7
12 31
39 16
61 6
19 3
60 17
28 15
17 37
11 1
12 1
40 70
47 15
1 1
7 94
1 14
28 11
27 4
6 7
54 1
8 7
52 83
3 16
11 1
57 6
20 2
55 3
35 11
1 7
17 25
25 1
29 14
32 5
11 7
35 1
65 3
8 4
1 1
63 16
27 34
23 5
44 32
56 19
23 6
14 20
53 2
40 24
60 24
34 11
65 25
3 2
1 5
43 9
10 14
32 5
29 13
12 11
55 24
63 25
53 13
53 1
27 123
34 7
54 9
3 29
33 10
62 12
53 82
7 3
61 23
22 3
19 17
4 8
30 10
63 1
59 50
46 19
59 32
56 1
12 1
46 104
34 42
60 7
23 13
57 14
35 7
51 24
22 12
36 19
35 45
56 5
2 12
21 5
60 11
1 14
45 5
64 25
39 2
25 11
13 1
41 9
3 13
36 3
46 15
24 21
38 5
27 3
60 13
6 16
47 5
42 28
15 11
12 19
20 1
28 19
40 22
45 3
59 20
37 10
21 2
6 22
14 1
10 11
44 2
22 19
24 24
7 34
18 3
2 12
30 1
29 12
38 53
61 53
14 96
21 27
58 3
48 3
46 18
29 23
61 32
21 8
5 1
49 22
25 62
19 17
51 18
64 9
40 13
37 5
32 1
23 16
37 56
37 2
58 46
49 8
51 55
63 10
21 20
57 12
13 66
61 16
63 34
29 6
54 5
63 16
7 11
36 18
63 15
63 30
6 13
1 20
2 25
61 10
38 27
12 9
56 30
55 6
55 26
55 18
61 17
47 8
45 15
27 9
48 3
14 1
3 20
54 9
23 1
29 17
64 4
57 28
15 8
19 8
26 14
39 40
34 17
11 33
44 4
18 6
15 31
11 11
32 41
13 6
23 17
17 4
7 16
5 27
61 9
55 35
27 5
45 23
9 85
18 8
59 16
51 19
10 22
49 19
54 4
22 24
17 46
33 9
39 12
30 17
32 37
36 41
24 16
65 3
63 9
9 7
4 22
1 4
10 3
4 12
65 6
58 12
48 22
41 5
17 10
56 15
46 7
16 12
64 11
29 16
45 15
37 30
7 21
8 3
26 7
8 11
40 19
27 20
62 14
7 16
5 3
47 19
20 8
27 3
38 7
14 108
52 36
18 8
53 19
2 1
16 23
39 66
23 35
34 3
63 4
54 21
58 3
12 23
15 39
51 27
13 27
47 5
22 4
46 63
50 5
46 4
43 7
56 1
35 6
44 39
51 11
43 9
10 40
34 9
29 4
63 2
8 1
31 50
57 6
57 4
40 14
32 29
27 8
50 1
40 10
41 9
36 29
33 28
27 29
15 50
57 44
17 28
54 1
49 2
1 10
15 1
37 7
35 4
50 7
52 15
35 6
21 3
56 11
53 15
23 7
26 32
58 22
17 46
63 24
37 8
57 1
11 15
49 13
46 10
38 16
34 10
37 14
63 3
28 2
59 31
57 6
51 28
57 8
64 3
40 23
46 99
56 11
27 15
58 6
36 13
15 4
49 7
29 60
33 10
7 121
48 13
51 5
33 7
56 3
55 19
65 73
35 53
2 16
15 1
62 12
35 25
32 28
6 42
45 11
1 16
11 5
49 89
64 9
21 11
27 14
53 25
5 19
47 45
39 7
48 6
57 55
33 35
38 36
34 38
56 5
61 1
51 3
40 7
65 4
7 50
63 34
3 9
54 24
49 32
25 50
30 20
34 1
5 13
46 12
29 20
40 80
37 19
37 16
57 2
34 6
41 18
4 1
52 20
47 26
52 3
64 34
6 4
64 2
17 17
56 30
33 6
43 14
64 8
48 30
4 10
25 3
25 7
12 1
6 6
17 2
7 22
47 3
63 20
48 6
57 3
26 13
46 43
5 13
1 8
57 38
19 5
28 26
7 42
49 1
41 13
51 79
17 25
40 25
28 4
19 59
56 14
28 2
19 14
23 5
65 12
12 14
44 3
10 44
60 7
46 4
24 6
17 1
6 25
31 23
41 29
6 32
46 6
62 9
8 20
17 3
49 14
58 32
55 23
34 32
26 44
7 1
38 19
52 2
47 13
36 74
14 9
14 29
40 3
17 21
19 22
17 8
41 107
28 1
27 76
13 2
20 16
48 33
60 20
19 36
49 7
38 20
37 9
18 41
60 4
31 33
53 2
55 8
48 53
30 3
7 7
51 6
18 51
48 38
16 8
47 1
26 2
2 31
14 11
40 9
40 3
41 6
9 5
40 12
56 10
32 15
1 7
61 34
47 9
51 14
23 25
1 17
41 11
33 7
27 11
46 7
47 2
28 8
53 7
25 21
27 19
27 19
45 2
58 30
30 24
60 8
15 28
25 10
60 47
4 4
34 6
23 13
56 18
4 6
28 32
19 21
29 35
20 10
3 10
31 30
4 5
47 13
31 18
21 26
8 12
37 2
51 21
38 34
37 6
10 2
11 14
28 25
27 6
53 42
53 1
18 6
33 8
42 12
19 10
17 13
52 18
59 8
62 16
50 9
63 39
39 28
42 23
64 38
47 1
4 89
28 11
51 13
30 14
9 52
35 7
26 21
12 23
18 31
23 2
7 16
35 3
16 28
21 33
56 5
19 16
35 27
30 2
7 2
33 1
42 17
20 20
27 27
39 22
30 7
27 15
4 4
12 33
16 32
42 19
30 33
4 29
34 13
19 18
17 31
11 9
23 37
46 20
55 13
44 7
22 5
17 3
55 17
46 4
65 51
60 25
37 12
62 19
3 15
42 2
26 15
13 13
17 7
31 3
39 9
57 12
65 3
62 2
9 3
20 1
36 2
1 42
45 14
55 22
32 5
23 1
42 2
49 7
22 16
41 56
41 56
64 28
39 18
13 29
58 64
33 48
60 3
8 15
63 29
30 1
64 16
12 28
19 3
26 24
13 3
49 12
55 8
35 19
62 18
49 8
46 1
13 14
19 6
60 42
53 30
37 19
65 8
63 5
48 19
53 21
30 22
17 30
42 1
57 13
15 30
3 9
6 4
41 18
52 4
27 26
53 12
24 10
6 3
41 8
22 3
36 4
29 46
63 30
48 20
12 46
65 41
11 22
23 44
38 1
26 30
64 19
58 2
19 10
62 15
9 4
31 6
43 8
43 8
64 8
60 12
58 66
54 14
8 6
26 51
57 23
14 15
31 26
26 24
46 9
23 8
1 10
1 49
26 1
15 23
26 33
63 5
59 4
54 17
62 9
39 28
44 1
26 9
15 8
21 57
56 1
47 30
49 17
21 8
24 7
19 46
53 3
54 43
25 7
18 7
12 13
30 11
21 24
23 49
42 18
7 6
6 17
42 29
6 2
57 13
60 7
24 8
43 28
13 31
31 12
37 6
48 8
45 18
50 5
38 7
63 5
48 8
57 11
32 12
1 6
22 3
62 13
46 8
42 2
32 71
2 8
44 12
9 4
19 26
40 23
14 6
37 11
35 35
1 10
6 11
23 27
56 16
4 20
14 24
10 4
44 6
18 56
62 27
13 8
46 24
1 1
25 24
36 16
37 11
7 9
4 12
7 11
3 49
29 11
57 3
15 9
56 15
46 19
20 2
2 42
40 20
32 39
21 20
56 24
24 3
15 13
31 33
15 41
46 1
3 21
37 32
21 9
26 21
46 25
65 21
28 7
8 10
25 7
23 21
33 7
12 51
23 17
24 6
30 24
43 54
8 18
14 19
44 17
37 12
41 13
57 57
16 24
56 6
43 8
48 23
35 21
6 29
53 18
28 13
11 9
27 19
4 6
2 13
60 2
33 31
59 3
49 36
23 27
19 17
24 11
2 1
3 1
23 35
47 17
39 15
64 4
52 43
51 6
15 13
59 50
21 7
41 9
1 1
35 5
2 92
24 5
20 6
50 9
53 8
63 35
28 14
1 85
47 37
8 21
49 24
2 9
19 4
51 4
48 3
34 9
47 20
48 1
56 12
51 2
12 20
62 30
52 35
55 16
24 36
33 17
23 91
20 14
56 36
53 29
19 7
40 25
5 15
42 6
15 42
34 22
45 9
25 7
25 10
44 45
54 32
2 14
39 17
40 17
25 9
3 20
40 2
59 2
2 13
34 3
29 16
41 15
10 94
34 5
22 5
45 22
28 28
14 37
39 11
23 1
46 4
25 49
40 59
23 20
6 20
34 31
22 83
4 6
13 6
39 16
36 46
53 61
30 21
47 33
7 14
14 27
27 10
14 29
57 12
33 13
21 12
44 55
29 10
40 11
52 2
42 10
56 2
21 24
43 3
31 14
51 13
62 3
33 24
49 15
49 11
40 8
12 5
21 13
37 42
56 12
49 15
15 12
19 10
42 15
58 19
27 11
6 12
65 38
64 10
16 1
36 10
48 8
56 16
6 40
1 24
58 9
6 16
43 3
5 5
11 13
35 3
64 3
14 5
1 12
1 28
54 22
4 3
41 8
63 23
58 1
26 50
3 3
30 5
54 13
22 15
61 2
37 75
15 9
19 14
62 7
3 1
22 18
16 44
49 20
40 5
22 27
7 16
58 6
39 8
39 68
1 10
51 13
9 46
29 7
4 7
26 20
49 1
31 15
35 5
35 29
2 25
29 3
55 3
3 11
1 18
10 1
58 11
9 18
41 25
2 1
50 16
38 1
56 11
29 7
31 11
5 39
35 83
21 2
44 10
52 28
11 2
29 30
25 46
23 15
55 3
14 5
9 16
45 5
54 18
41 33
34 14
46 23
36 14
35 35
6 22
64 6
9 4
18 25
52 86
20 52
18 40
16 69
23 34
15 59
37 20
43 10
46 46
3 32
65 17
6 1
49 6
28 23
26 9
47 14
65 10
54 4
38 41
65 2
21 27
23 10
37 6
57 67
2 18
14 9
58 1
40 1
52 51
25 11
64 24
51 43
27 4
20 26
61 17
48 6
43 37
44 19
14 1
58 16
19 3
45 7
42 19
22 1
46 12
39 23
50 20
18 1
41 12
18 6
49 7
46 1
53 4
19 18
36 63
45 16
4 17
11 4
42 10
29 51
37 69
25 35
3 1
36 27
31 5
14 76
20 6
32 35
56 82
33 5
9 3
28 12
26 11
48 23
21 3
30 16
57 20
65 9
65 22
52 22
51 21
54 6
38 9
28 58
61 8
62 14
43 34
37 71
40 17
36 5
34 26
21 60
29 9
26 22
53 4
65 21
11 9
21 13
60 25
12 3
63 11
50 31
55 12
18 15
31 14
43 9
54 17
17 19
33 40
51 5
42 67
48 66
50 45
16 32
43 1
20 5
3 7
21 27
54 7
9 24
11 40
64 4
50 11
51 13
49 9
43 10
8 18
22 33
15 10
31 22
45 10
45 15
17 9
31 8
47 4
5 21
13 17
2 2
36 5
4 22
24 3
29 1
54 122
10 5
38 9
12 6
65 5
34 72
17 2
43 14
43 27
13 12
19 1
49 16
56 17
15 48
36 18
47 15
43 40
30 3
54 11
61 74
62 8
16 14
65 9
30 17
40 25
54 6
58 51
29 48
1 18
8 19
65 49
53 1
5 22
52 17
62 43
40 23
19 2
5 15
24 49
11 4
57 25
50 15
44 41
14 33
46 9
27 13
29 11
26 28
27 3
52 50
26 5
6 57
15 18
47 20
32 7
24 26
25 2
21 5
24 22
3 25
28 7
58 4
8 6
55 8
43 12
52 23
51 13
6 14
25 18
24 13
19 35
57 20
10 14
54 7
34 28
58 5
56 11
50 11
6 1
59 61
44 29
62 13
19 3
53 1
31 4
31 7
65 26
54 24
59 19
48 13
30 42
59 32
21 8
23 44
32 17
13 4
41 51
29 5
52 22
33 8
22 9
56 44
43 2
44 7
16 34
48 27
16 8
52 42
25 9
52 7
5 7
63 11
47 3
31 16
11 12
15 3
57 66
26 13
11 14
62 9
5 11
9 12
55 2
58 13
52 11
58 14
65 10
46 6
59 29
63 21
57 15
43 7
19 49
31 46
60 41
65 10
23 17
12 13
18 20
4 24
58 41
6 11
30 19
45 12
36 31
9 13
61 22
55 8
42 21
42 12
32 2
48 3
18 32
48 12
58 6
25 9
34 24
15 21
2 25
11 4
23 1
12 1
29 17
17 15
54 5
59 32
28 57
28 14
11 1
44 2
24 2
42 25
56 7
18 15
47 5
20 35
53 34
39 9
42 2
7 7
62 28
20 4
20 14
60 11
5 2
58 8
8 78
37 8
65 2
42 45
49 7
5 29
62 1
38 1
2 14
20 12
58 33
44 66
35 61
16 17
36 3
15 5
8 11
2 8
20 64
3 3
17 18
26 60
48 35
14 14
33 18
34 7
9 9
28 19
25 22
34 4
65 3
48 45
11 4
17 9
22 39
37 11
2 31
29 54
56 18
35 31
34 10
17 24
45 15
32 35
12 12
5 22
49 16
13 13
31 7
8 5
64 27
7 27
30 11
41 2
52 25
35 113
57 42
55 5
24 1
20 20
59 32
16 2
10 31
40 17
52 11
33 1
13 62
1 17
48 8
57 20
23 2
18 13
38 34
36 17
28 27
18 28
33 5
51 76
24 1
11 24
21 14
23 14
48 7
21 39
5 9
10 13
62 16
62 27
46 26
22 3
13 13
42 23
19 37
43 48
50 27
41 3
46 46
43 70
31 5
28 5
64 35
38 28
35 10
14 5
37 6
5 16
13 50
22 11
57 6
36 12
21 31
59 9
65 24
58 24
53 8
44 4
42 7
47 26
5 5
33 25
26 70
38 11
45 35
63 3
2 11
33 17
12 4
36 71
19 35
29 7
31 14
38 40
24 40
60 7
21 5
12 1
54 1
1 13
16 18
59 7
6 19
12 9
31 11
57 10
22 64
31 48
40 4
32 48
57 11
46 15
48 26
52 50
13 21
21 6
8 5
49 46
1 6
10 7
46 46
34 16
18 11
65 58
62 27
58 24
12 16
50 13
47 24
3 1
58 10
12 14
37 13
25 42
41 49
12 17
52 6
60 23
33 16
42 1
30 39
25 11
55 41
20 7
31 4
36 14
64 2
44 6
14 38
61 19
53 36
44 38
34 27
62 3
58 16
11 6
28 4
50 6
13 13
14 2
36 46
55 6
17 11
33 31
18 22
19 15
29 10
61 27
42 30
52 17
19 13
13 9
26 7
9 19
2 3
6 7
38 12
52 7
49 6
35 33
9 1
46 10
34 3
59 19
7 15
24 28
35 19
60 5
13 15
49 9
65 10
5 37
7 1
5 22
46 17
35 11
39 38
12 37
47 2
44 21
59 1
28 29
9 18
48 5
12 33
15 2
25 3
55 20
58 20
33 19
58 2
38 31
54 17
15 5
30 16
12 22
45 38
29 16
12 7
39 20
32 19
54 6
38 5
16 30
16 37
27 50
13 33
37 9
3 2
14 2
43 13
18 8
49 4
35 74
49 45
52 4
14 1
43 49
30 61
51 38
38 10
12 2
37 30
48 1
10 49
38 64
30 7
39 16
24 16
22 43
45 25
47 142
26 4
2 20
34 2
32 37
56 27
2 9
22 7
22 3
60 54
30 7
62 8
35 29
44 1
62 21
63 157
3 2
51 39
55 11
39 9
9 15
55 44
37 15
60 6
50 5
37 3
7 31
22 33
51 13
29 40
56 9
16 41
42 6
7 38
14 9
58 40
5 19
55 18
41 77
5 2
63 22
63 3
50 14
36 2
28 13
62 59
6 18
21 6
36 5
7 38
61 24
63 8
35 9
32 18
57 6
49 11
60 20
37 5
16 28
53 49
28 9
45 52
2 83
63 29
7 5
57 11
63 16
43 47
3 1
33 82
6 31
65 57
29 69
24 36
46 3
53 13
44 5
40 68
30 29
19 39
21 7
23 107
14 1
55 1
44 48
62 26
11 58
39 14
10 9
47 33
51 30
27 9
63 9
20 53
18 15
29 4
11 33
49 7
15 7
5 17
48 30
35 15
51 30
52 70
14 13
41 73
62 3
57 23
21 6
13 2
15 28
44 8
3 25
10 4
35 1
54 18
39 11
13 51
51 10
51 5
42 57
37 45
63 6
36 9
55 25
62 12
8 17
25 73
35 61
36 13
35 6
59 24
15 35
13 17
30 9
47 22
13 1
29 6
9 18
28 35
61 22
30 29
29 29
18 39
13 18
47 3
37 20
15 27
36 7
58 5
20 14
2 27
23 30
58 2
45 8
43 2
16 1
17 39
61 8
60 9
11 1
40 44
57 10
25 21
50 6
54 12
18 17
46 2
36 8
6 77
35 17
43 11
61 39
13 5
7 79
44 11
24 7
23 35
28 48
16 1
40 14
16 34
61 21
44 34
19 20
53 57
29 4
1 21
39 5
29 20
19 5
21 40
25 30
30 15
5 8
7 68
48 19
1 34
51 2
1 3
13 9
47 19
25 6
14 6
16 7
47 19
48 40
62 65
4 3
37 8
20 3
59 5
36 10
52 2
14 2
64 56
53 3
36 14
24 9
46 33
7 104
54 24
41 15
60 27
37 3
41 43
5 5
34 7
40 34
26 6
1 31
63 83
63 2
44 51
10 10
44 8
46 1
14 14
4 1
13 1
6 8
56 8
34 40
33 7
34 17
47 13
16 75
59 18
65 51
8 28
30 8
16 11
1 19
23 11
64 4
36 23
50 44
49 28
49 77
48 4
30 6
56 13
31 9
5 1
65 4
31 6
1 15
40 18
65 1
5 3
19 9
8 3
55 6
48 11
58 1
59 8
26 4
42 11
8 48
18 101
36 29
49 13
23 13
22 3
58 6
43 3
9 46
37 64
40 1
15 54
8 37
52 2
21 17
65 1
34 19
46 10
8 2
2 69
11 7
49 15
32 34
43 5
55 59
55 48
53 15
45 16
8 10
25 30
42 41
57 45
26 11
35 10
61 5
37 5
4 25
63 33
10 12
39 2
48 24
63 16
14 14
25 3
24 1
52 21
48 24
46 26
50 38
3 38
39 12
4 2
60 27
18 2
64 28
42 9
5 15
23 12
10 15
29 21
13 19
18 8
12 6
42 22
34 33
59 12
17 12
58 5
16 9
38 28
22 18
32 1
24 17
29 13
18 2
17 21
13 34
46 18
32 5
46 9
2 13
12 15
61 4
10 17
57 92
6 13
45 1
7 18
30 7
63 9
56 17
55 25
31 19
31 4
19 5
42 12
36 11
5 39
8 10
18 18
29 7
27 20
19 15
24 9
22 1
33 5
2 4
40 26
63 7
52 13
33 26
1 16
25 14
43 40
48 2
16 16
10 79
26 63
39 64
23 42
54 109
17 31
58 31
62 2
43 77
28 1
42 1
45 67
49 5
46 20
60 21
12 9
45 17
60 35
50 1
41 18
43 22
63 10
5 5
60 20
39 7
9 30
26 5
55 9
12 12
61 31
47 22
14 10
21 21
4 3
30 3
8 21
12 20
29 43
17 2
6 19
52 3
16 12
14 4
46 32
62 12
64 20
40 3
11 7
18 26
12 5
27 5
12 33
39 40
11 31
15 10
19 1
4 14
42 4
11 12
14 17
24 41
23 16
16 37
53 1
2 149
56 6
57 4
42 7
39 31
4 49
61 14
35 6
7 38
63 7
17 29
50 7
33 4
54 10
51 22
51 18
33 11
32 1
17 13
27 2
7 23
21 7
40 13
49 51
31 28
43 10
21 4
23 3
16 3
5 2
58 18
9 32
25 11
53 30
47 3
26 17
6 3
12 8
29 28
18 11
6 1
17 11
12 13
5 14
17 28
1 9
17 5
22 9
26 42
58 10
58 5
9 16
24 11
43 1
42 21
1 11
42 25
48 45
34 13
8 42
53 18
20 32
21 29
27 3
63 129
56 2
13 3
57 3
64 10
22 56
26 26
55 14
65 3
9 7
43 42
49 49
27 7
34 95
36 13
43 21
28 23
47 34
37 27
53 2
1 5
45 6
41 5
45 96
37 49
18 39
31 10
16 4
51 21
6 14
54 7
42 11
62 1
60 76
34 6
8 7
5 22
35 42
65 55
41 37
5 81
54 51
39 13
24 13
24 24
65 3
10 17
38 4
49 50
61 5
47 15
35 9
26 3
46 53
12 11
58 34
15 2
55 19
59 23
8 15
39 6
36 2
16 33
47 15
39 17
48 7
20 14
17 31
26 23
34 40
20 33
25 4
10 3
8 13
64 19
11 39
30 27
6 11
63 45
28 13
35 2
44 13
9 8
29 7
26 1
35 11
47 10
60 4
19 27
16 9
12 18
24 16
16 26
26 69
33 24
13 11
21 2
45 3
22 52
9 38
28 43
15 18
39 51
35 17
42 1
4 4
29 11
12 33
54 41
45 4
25 58
12 23
24 17
21 1
22 17
60 5
44 16
4 69
26 1
65 5
14 24
42 7
37 26
65 26
46 55
43 2
19 36
30 13
22 2
62 2
53 32
25 2
34 13
36 6
15 13
65 20
65 3
54 8
12 7
12 91
17 21
3 2
40 4
42 20
18 4
57 25
2 7
61 14
60 2
30 14
14 24
8 17
24 5
40 1
36 24
47 8
47 22
20 1
31 26
55 10
26 18
40 26
24 4
57 15
33 30
20 4
57 17
5 9
48 44
16 7
20 29
41 24
38 35
35 1
55 1
44 11
24 3
11 44
49 5
54 31
50 17
46 76
55 2
38 7
22 29
38 1
8 48
47 7
35 28
59 44
34 41
32 10
60 31
5 21
1 1
38 4
24 55
37 10
30 74
63 8
31 1
19 23
47 9
32 8
37 8
25 39
23 25
59 7
21 19
28 4
54 1
8 79
13 38
58 8
10 14
59 7
27 4
40 44
52 3
63 9
62 1
28 9
37 28
61 34
1 38
45 1
37 10
32 10
21 3
24 3
65 4
60 9
47 20
3 12
19 16
25 7
49 7
41 17
57 26
25 16
36 7
56 9
41 16
1 19
30 6
35 4
22 41
12 10
43 15
24 14
39 59
58 25
57 14
3 14
45 16
51 7
2 14
55 31
20 28
7 8
41 16
40 9
54 5
17 5
53 6
63 4
13 19
17 30
49 35
47 14
43 45
22 9
56 17
44 15
52 28
57 43
49 12
59 31
56 49
38 39
6 29
61 16
56 3
26 36
30 5
54 4
47 1
61 4
51 20
62 17
14 60
25 46
39 4
57 7
38 41
59 9
23 17
15 8
35 6
62 22
44 38
29 2
60 5
49 2
24 11
3 3
55 2
29 41
10 13
39 2
38 36
52 36
51 12
42 17
10 35
62 8
38 27
56 5
13 2
24 20
47 9
39 2
54 24
54 20
13 33
4 11
15 38
53 4
32 8
2 18
63 4
44 13
42 42
57 48
5 10
55 38
26 30
48 9
57 97
56 18
38 21
60 2
62 11
4 70
64 10
42 10
9 1
15 6
52 32
16 1
14 51
51 7
48 46
51 3
16 22
27 7
20 29
52 111
16 20
46 58
55 88
9 3
5 25
47 51
58 14
15 3
40 39
11 13
56 30
28 2
8 18
15 97
2 26
46 16
50 2
29 38
29 14
60 1
59 1
3 5
55 37
48 14
18 24
8 86
38 14
56 31
31 49
41 22
16 28
1 19
42 5
28 27
8 36
43 3
25 7
39 41
61 18
15 12
32 47
18 7
61 2
10 2
6 24
40 5
56 33
55 8
28 45
41 5
36 6
7 1
35 23
58 38
30 15
62 7
34 10
13 64
10 6
6 34
19 40
58 6
30 19
47 15
24 16
37 1
24 29
48 38
7 6
27 4
58 11
39 57
30 16
49 10
2 18
47 26
46 28
59 5
16 13
45 2
21 13
9 3
40 7
26 6
38 2
29 40
13 1
28 3
47 4
25 23
31 38
9 24
19 1
14 45
9 3
13 12
12 7
43 7
21 9
27 9
18 45
14 22
42 21
21 62
13 73
8 31
18 37
52 58
27 6
10 15
38 80
12 9
9 20
59 9
38 13
39 21
18 24
28 21
42 6
14 6
40 21
22 6
41 27
59 10
32 7
44 29
13 8
44 14
22 8
38 29
55 9
47 12
1 8
32 5
10 7
2 21
24 4
8 3
19 1
25 13
3 12
31 40
22 43
18 14
28 1
17 47
21 7
27 2
57 14
26 33
29 5
31 19
3 3
44 17
20 51
4 10
2 136
61 38
17 5
6 10
52 13
8 13
37 21
62 3
7 46
44 15
